246.64
236.86
258.05
242.86
249.9
233.45
249.3
250.26
222.61
204.86
180.5
192.06
253.3
260.96
265.8
277.95
293.45
291.15
284.26
280.4
281.86
282.61
277.32
287.45
287.01
281.05
270.86
268.12
276.8
281.76
284.2
284.65
281.86
284.2
282.95
283.45
280.92
277.65
264.05
252.86
246.55
227.5
196.2
166.65
195
200.61
206.55
192.75
205.86
218.25
220.95
223.61
231.61
233.25
239.61
239
220.9
224.8
245.3
228.61
212.8
212.2
227.8
214
183.31
175.9
168.65
181.9
184.6
173.25
132.65
139.05
179.4
202.2
244.98
222.2
217.9
213
236.73
258.9
273.71
281.76
282.7
279.7
273.05
271.65
279.95
275.96
278.61
276.26
273.8
282.55
277.7
276.7
272.01
274.8
270.8
271.4
270.3
269.42
271.01
271.65
272.9
267.96
266.51
259.51
268.51
269.3
271.68
269.21
264.15
251.76
247.2
238.75
232
230
226.55
194.2
210.3
205.61
236.7
261.65
262.8
271.36
271.11
270.42
283.9
279.7
278.36
267.36
272.3
265.8
275.01
280.2
276.76
267.21
268.51
267.01
270.71
270.46
266.4
253.8
232.5
227.95
